0
1
10
100
101
102
103
104
105
106
107
108
109
110
111
112
113
114
115
116
117
118
119
12
120
121
122
123
124
125
126
127
128
129
13
130
131
132
133
134
135
136
137
138
139
14
140
141
142
143
144
145
146
147
148
149
15
150
151
152
153
154
155
16
166
167
168
169
17
170
171
172
173
175
176
177
178
179
180
181
182
190
195
196
197
198
2
200
216
217
218
219
220
221
222
223
224
225
226
227
228
229
230
231
232
233
234
235
236
237
238
239
240
241
242
243
244
246
247
248
249
250
251
252
253
254
26
27
28
287
289
29
291
292
293
298
299
3
30
306
307
308
31
310
312
313
315
316
317
318
319
32
320
321
322
329
33
34
349
35
351
353
36
363
364
366
367
372
373
374
38
397
398
4
40
413
414
415
416
417
445
447
450
451
453
475
485
487
5
502
507
508
509
518
541
543
544
554
574
577
580
583
584
585
587
59
594
595
596
597
598
6
60
61
621
622
623
624
625
626
63
64
65
66
67
68
69
7
70
71
72
73
74
75
76
77
78
79
8
80
81
82
83
84
85
86
87
88
89
90
91
92
93
94
95
96
97
98
99