11
156
157
158
159
160
161
162
163
164
165
18
19
199
21
214
22
23
24
25
255
256
257
258
261
263
266
267
283
284
285
286
288
290
294
295
296
300
301
302
303
304
305
328
339
345
346
347
348
350
354
355
356
357
358
359
360
361
362
365
369
37
370
371
399
400
401
402
403
404
405
406
407
408
409
410
411
412
418
419
420
421
422
423
424
425
426
427
428
429
430
431
432
433
434
435
436
437
438
439
441
457
461
466
469
470
481
482
483
484
488
489
490
491
492
493
494
495
496
497
498
499
511
512
519
520
534
535
536
537
538
539
540
545
547
548
549
550
555
559
568
569
573
575
576
578
579
581
586
588
589
615
616
618
619
620
627
628
630